   1.0461577e-06
   2.0822403e-06
   3.0982698e-06
   4.0844613e-06
   5.0313171e-06
   5.9297186e-06
   6.7710137e-06
   7.5471002e-06
   8.2505040e-06
   8.8744509e-06
   9.4129320e-06
   9.8607614e-06
   1.0213626e-05
   1.0468128e-05
   1.0621817e-05
   1.0673211e-05
   1.0621817e-05
   1.0468128e-05
   1.0213626e-05
   9.8607614e-06
   9.4129320e-06
   8.8744509e-06
   8.2505040e-06
   7.5471002e-06
   6.7710137e-06
   5.9297186e-06
   5.0313171e-06
   4.0844613e-06
   3.0982698e-06
   2.0822403e-06
   1.0461577e-06
