   7.9738762e-07
   1.5903159e-06
   2.3743505e-06
   3.1451068e-06
   3.8982743e-06
   4.6296412e-06
   5.3351171e-06
   6.0107570e-06
   6.6527822e-06
   7.2576024e-06
   7.8218351e-06
   8.3423249e-06
   8.8161611e-06
   9.2406937e-06
   9.6135486e-06
   9.9326406e-06
   1.0196185e-05
   1.0402709e-05
   1.0551056e-05
   1.0640398e-05
   1.0670234e-05
   1.0640398e-05
   1.0551056e-05
   1.0402709e-05
   1.0196185e-05
   9.9326406e-06
   9.6135486e-06
   9.2406937e-06
   8.8161611e-06
   8.3423249e-06
   7.8218351e-06
   7.2576024e-06
   6.6527822e-06
   6.0107570e-06
   5.3351171e-06
   4.6296412e-06
   3.8982743e-06
   3.1451068e-06
   2.3743505e-06
   1.5903159e-06
   7.9738762e-07
