   9.9294896e-07
   1.9763353e-06
   2.9406884e-06
   3.8767211e-06
   4.7754189e-06
   5.6281267e-06
   6.4266326e-06
   7.1632466e-06
   7.8308745e-06
   8.4230869e-06
   8.9341803e-06
   9.3592327e-06
   9.6941505e-06
   9.9357084e-06
   1.0081580e-05
   1.0130360e-05
   1.0081580e-05
   9.9357084e-06
   9.6941505e-06
   9.3592327e-06
   8.9341803e-06
   8.4230869e-06
   7.8308745e-06
   7.1632466e-06
   6.4266326e-06
   5.6281267e-06
   4.7754189e-06
   3.8767211e-06
   2.9406884e-06
   1.9763353e-06
   9.9294896e-07
