   7.5710775e-07
   1.5099814e-06
   2.2544107e-06
   2.9862324e-06
   3.7013539e-06
   4.3957759e-06
   5.0656149e-06
   5.7071250e-06
   6.3167185e-06
   6.8909863e-06
   7.4267170e-06
   7.9209144e-06
   8.3708149e-06
   8.7739024e-06
   9.1279227e-06
   9.4308959e-06
   9.6811277e-06
   9.8772187e-06
   1.0018072e-05
   1.0102901e-05
   1.0131230e-05
   1.0102901e-05
   1.0018072e-05
   9.8772187e-06
   9.6811277e-06
   9.4308959e-06
   9.1279227e-06
   8.7739024e-06
   8.3708149e-06
   7.9209144e-06
   7.4267170e-06
   6.8909863e-06
   6.3167185e-06
   5.7071250e-06
   5.0656149e-06
   4.3957759e-06
   3.7013539e-06
   2.9862324e-06
   2.2544107e-06
   1.5099814e-06
   7.5710775e-07
