   1.0462042e-06
   2.0823329e-06
   3.0984075e-06
   4.0846428e-06
   5.0315407e-06
   5.9299822e-06
   6.7713146e-06
   7.5474356e-06
   8.2508706e-06
   8.8748453e-06
   9.4133503e-06
   9.8611996e-06
   1.0214080e-05
   1.0468594e-05
   1.0622289e-05
   1.0673686e-05
   1.0622289e-05
   1.0468594e-05
   1.0214080e-05
   9.8611996e-06
   9.4133503e-06
   8.8748453e-06
   8.2508706e-06
   7.5474356e-06
   6.7713146e-06
   5.9299822e-06
   5.0315407e-06
   4.0846428e-06
   3.0984075e-06
   2.0823329e-06
   1.0462042e-06
