   7.9742305e-07
   1.5903866e-06
   2.3744560e-06
   3.1452466e-06
   3.8984476e-06
   4.6298469e-06
   5.3353542e-06
   6.0110241e-06
   6.6530778e-06
   7.2579249e-06
   7.8221827e-06
   8.3426956e-06
   8.8165528e-06
   9.2411043e-06
   9.6139758e-06
   9.9330820e-06
   1.0196638e-05
   1.0403171e-05
   1.0551525e-05
   1.0640871e-05
   1.0670708e-05
   1.0640871e-05
   1.0551525e-05
   1.0403171e-05
   1.0196638e-05
   9.9330820e-06
   9.6139758e-06
   9.2411043e-06
   8.8165528e-06
   8.3426956e-06
   7.8221827e-06
   7.2579249e-06
   6.6530778e-06
   6.0110241e-06
   5.3353542e-06
   4.6298469e-06
   3.8984476e-06
   3.1452466e-06
   2.3744560e-06
   1.5903866e-06
   7.9742305e-07
